’n‰º•æŠF’Œ‚ÌŠÔ
36,56,57

LoadMap 0 0 :start ;
Walk    0 -1 :walk ;

_END_HEAD_
:start
SetEne 1,4,6,2,0,4,0,
       12,60,
       36,0,6,
       21,0;
SetEne 2,7,4,2,2,4,0,
       12,60,
       36,0,6,
       21,0;
SetEne 3,10,8,2,1,4,0,
       12,60,
       36,0,6,
       21,0;
SetEne 4,12,3,2,3,4,0,
       12,60,
       36,0,6,
       21,0;
SetEne 5,16,6,2,3,4,0,
       12,60,
       36,0,6,
       21,0;
SetEne 6,19,4,2,1,4,0,
       12,60,
       36,0,6,
       21,0;
SetEne 7,20,2,2,0,4,0,
       12,60,
       36,0,6,
       21,0;
End;

:walk
IfBox 0,1,5,1,5,0,Current+2 ;
ChangeMap 485,7,6,2,0;

IfBox 0,18,10,18,10,0,Current+2 ;
ChangeMap 486,5,2,2,3;
End;