•ó‚Ì“´ŒAF¬•”‰®‚»‚Ì‚R
12,15


LoadMap 0 0 :start ;
Walk    0 -1 :walk ;

_END_HEAD_
:start
SetEne 1,2,7,2,2,48,10,
       0,3,
       12,4,4,
       2,0;
SetEne 2,2,4,2,2,48,10,
       0,3,
       15,4,6,
       2,0;
SetEne 3,3,5,2,2,48,10,
       0,3,
       12,4,8,
       2,0;
SetEne 4,3,2,2,2,48,10,
       0,3,
       15,4,6,
       2,0;
SetEne 5,4,8,2,2,48,10,
       0,3,
       12,4,4,
       2,0;
SetEne 6,4,4,2,2,48,10,
       0,3,
       15,4,3,
       2,0;
SetEne 7,5,6,2,2,48,10,
       0,3,
       12,4,3,
       2,0;
SetEne 8,5,3,2,2,48,10,
       0,3,
       15,4,3,
       2,0;
SetEne 9,6,6,2,2,48,10,
       0,3,
       12,4,4,
       2,0;
SetEne 10,6,3,2,2,48,10,
       0,3,
       15,4,6,
       2,0;

SetBox 20,2,5,2,2,1;

End;

:walk
IfBox 0,10,4,10,4,0,Current+2 ;
ChangeMap 78,2,10,2,2;
End;
