Ç©ÇÁÇ≠ÇËâÆï~ÅFè¨çLä‘
32,62


LoadMap 0 0 :start ;
Walk    0 -1 :walk ;
_END_HEAD_
:start
SetEne 10,10,4,5,2,24,0,
       11,4,
       32,2,2,
       4,0;
SetEne 11,10,6,5,2,24,0,
       11,4,
       32,2,2,
       4,0;
SetEne 12,10,8,5,2,24,0,
       11,4,
       32,2,2,
       4,0;
SetEne 13,10,10,5,2,24,0,
       11,4,
       32,2,2,
       4,0;
SetEne 14,14,5,5,0,24,0,
       11,4,
       32,2,2,
       4,0;
SetEne 15,14,7,5,0,24,0,
       11,4,
       32,2,2,
       4,0;
SetEne 16,14,9,5,0,24,0,
       11,4,
       32,2,2,
       4,0;
SetEne 17,8,14,7,0,24,0,
       6,4,
       32,2,3,
       4,0;
SetEne 18,10,14,5,0,24,0,
       6,4,
       32,2,4,
       4,0;
SetEne 19,12,14,3,0,24,0,
       6,4,
       32,2,6,
       4,0;

SetBox 20,9,12,5,2,117;
:walk
IfBox 0,11,19,12,19,0,Current+2 ;
ChangeMap 243,ObjSX[0]-5,2,12,3;
IfBox 0,1,12,1,13,0,Current+2 ;
ChangeMap 239,29,ObjSY[0]-4,2,0;
IfBox 0,12,1,12,1,0,Current+2 ;
ChangeMap 234,10,9,2,1;
End;