フィーレス地下迷宮：第一層
36,56,57,65


LoadMap 0 0 :start ;
Walk    0 -1 :walk ;

_END_HEAD_
:start

SetEne 1,6,15,2,2,32,0,
       8,1,
       36,0,4,
       5,0;
SetEne 2,7,16,2,0,32,0,
       8,1,
       36,0,4,
       5,0;

SetEne 3,15,12,2,2,32,0,
       8,1,
       36,0,4,
       5,0;
SetEne 4,16,13,2,0,32,0,
       8,1,
       36,0,4,
       5,0;

SetEne 5,9,6,2,2,32,0,
       8,1,
       36,0,4,
       5,0;
SetEne 6,10,7,2,0,32,0,
       8,1,
       36,0,4,
       5,0;

SetBox 20,3,18,2,2,198;
SetBox 21,9,12,2,0,199;
SetBox 22,18,4,2,0,200;

End;

:walk
IfBox 0,9,21,10,21,0,Current+2 ;
ChangeMap 352,ObjSX[0],2,2,3;
End;
