フィーレス地下迷宮：第二層
38,63,64,40,77


LoadMap 0 0 :start ;
Walk    0 -1 :walk ;

_END_HEAD_
:start
SetEne 1,25,2,2,3,6,0,
       8,8,
       18,4,6,
       11,0;
SetEne 2,25,10,2,0,6,0,
       8,8,
       18,4,6,
       11,0;
SetEne 3,17,10,2,1,6,0,
       8,8,
       18,4,6,
       11,0;
SetEne 4,17,2,2,2,6,0,
       8,8,
       18,4,6,
       11,0;

SetEne 5,14,2,2,3,4,0,
       8,8,
       18,4,6,
       11,0;
SetEne 6,14,10,2,0,4,0,
       8,8,
       18,4,6,
       11,0;
SetEne 7,6,10,2,1,4,0,
       8,8,
       18,4,6,
       11,0;
SetEne 8,6,2,2,2,4,0,
       8,8,
       18,4,6,
       11,0;
End;

:walk

IfBox 0,1,6,1,6,0,Current+2 ;
ChangeMap 374,20,17,2,0;
IfBox 0,31,6,31,6,0,Current+2 ;
ChangeMap 371,2,27,2,2;

End;
