フィーレス地下迷宮：第二層
38,63,64,40,77


LoadMap 0 0 :start ;
Walk    0 -1 :walk ;

_END_HEAD_
:start
SetEne 1,11,8,2,2,32,0,
       3,2,
       40,4,3,
       11,0;
SetEne 2,13,10,2,0,32,0,
       3,2,
       40,4,3,
       11,0;

SetEne 3,4,7,2,2,32,0,
       3,2,
       40,4,3,
       11,0;
SetEne 4,6,9,2,0,32,0,
       3,2,
       40,4,3,
       11,0;

SetEne 5,11,15,2,2,32,0,
       3,2,
       40,4,3,
       11,0;
SetEne 6,13,17,2,0,32,0,
       3,2,
       40,4,3,
       11,0;

SetEne 7,6,21,2,2,32,0,
       3,2,
       40,4,3,
       11,0;
SetEne 8,8,23,2,0,32,0,
       3,2,
       40,4,3,
       11,0;

SetEne 9,10,28,2,2,32,0,
       3,2,
       40,4,3,
       11,0;
SetEne 10,12,30,2,0,32,0,
       3,2,
       40,4,3,
       11,0;

SetEne 11,2,30,2,2,32,0,
       3,2,
       40,4,3,
       11,0;
SetEne 12,4,32,2,0,32,0,
       3,2,
       40,4,3,
       11,0;

SetEne 13,11,34,2,2,32,0,
       3,2,
       40,4,3,
       11,0;
SetEne 14,13,36,2,0,32,0,
       3,2,
       40,4,3,
       11,0;

SetEne 15,4,41,2,2,32,0,
       3,2,
       40,4,3,
       11,0;
SetEne 16,6,43,2,0,32,0,
       3,2,
       40,4,3,
       11,0;
End;

:walk

IfBox 0,1,12,1,12,0,Current+2 ;
ChangeMap 368,20,3,2,0;
IfBox 0,1,23,1,23,0,Current+2 ;
ChangeMap 368,20,17,2,0;

IfBox 0,21,15,21,15,0,Current+2 ;
ChangeMap 363,2,6,2,2;
IfBox 0,21,31,21,31,0,Current+2 ;
ChangeMap 366,2,6,2,2;

IfBox 0,21,3,21,3,0,Current+2 ;
ChangeMap 375,2,4,2,2;
IfBox 0,21,43,21,43,0,Current+2 ;
ChangeMap 376,2,4,2,2;

End;
