フィーレス地下迷宮：第一層
36,56,57,65


LoadMap 0 0 :start ;
Walk    0 -1 :walk ;

_END_HEAD_
:start

SetEne 1,23,2,2,0,12,0,
       10,10,
       36,0,4,
       5,0;
SetEne 2,13,3,2,2,12,0,
       10,10,
       36,0,4,
       5,0;
SetEne 3,23,4,2,0,12,0,
       10,10,
       36,0,4,
       5,0;

SetEne 4,13,2,2,0,12,0,
       10,10,
       36,0,4,
       5,0;
SetEne 5,3,3,2,2,12,0,
       10,10,
       36,0,4,
       5,0;
SetEne 6,13,4,2,0,12,0,
       10,10,
       36,0,4,
       5,0;

SetEne 7,2,6,2,3,12,0,
       10,15,
       36,0,4,
       5,0;
SetEne 8,3,21,2,1,12,0,
       10,15,
       36,0,4,
       5,0;
SetEne 9,4,6,2,3,12,0,
       10,15,
       36,0,4,
       5,0;
End;

:walk
IfBox 0,3,26,3,26,0,Current+2 ;
ChangeMap 356,3,2,2,3;

IfBox 0,26,11,26,11,0,Current+2 ;
ChangeMap 359,2,11,2,2;
End;
