盗賊のアジト：下っ端の部屋
13,14


LoadMap 0 0 :start ;
Walk    0 -1 :walk ;

_END_HEAD_
:start
PlayBGM 4;
SetEne 1,16,6,2,1,32,5,
       0,5,
       13,20,4,
       2,0;
SetEne 2,12,8,2,1,32,5,
       0,5,
       13,20,4,
       2,0;
SetEne 3,5,8,2,1,32,5,
       0,5,
       13,20,4,
       2,0;
SetEne 4,16,13,2,1,32,5,
       0,5,
       13,20,4,
       2,0;
SetEne 5,10,13,2,1,32,5,
       0,5,
       13,20,4,
       2,0;
SetEne 6,3,13,2,1,32,5,
       0,5,
       13,20,4,
       2,0;
SetEne 7,4,2,2,1,32,5,
       0,5,
       13,20,4,
       2,0;
SetEne 8,10,3,2,1,32,5,
       0,5,
       13,20,4,
       2,0;
End;

:walk
IfBox 0,16,1,16,1,0,Current+2 ;
ChangeMap 394,4,9,3,1;
IfBox 0,1,8,1,8,0,Current+2 ;
ChangeMap 396,7,4,2,0;
End;
