Œ¶‹‚Ì–À‹{F••½
27,28,29,30,46

LoadMap 0 0 :start ;
Walk    0 -1 :walk ;


_END_HEAD_
:start
SetEne 1,4,4,4,1,32,0,
       0,0,
       46,0,8,
       22,0;
SetEne 2,5,3,2,1,32,0,
       0,0,
       46,0,8,
       22,0;
SetEne 3,7,3,2,1,32,0,
       0,0,
       46,0,8,
       22,0;

SetEne 4,3,8,2,1,32,0,
       0,0,
       46,0,8,
       22,0;
SetEne 5,4,9,4,1,32,0,
       0,0,
       46,0,8,
       22,0;
SetEne 6,5,8,2,1,32,0,
       0,0,
       46,0,8,
       22,0;
SetEne 7,8,9,4,1,32,0,
       0,0,
       46,0,8,
       22,0;
End;

:walk
IfBox 0,5,1,5,1,0,Current+2 ;
ChangeMap 511,6,10,2,1;
IfBox 0,10,13,10,13,0,Current+2 ;
ChangeMap 516,2,10,2,2;

End;
