ÉâÉNÉäÅ[äXìπÅFâúÇÃç◊ìπ
0,1,2


LoadMap 0 0 :start ;
Walk    0 -1 :walk ;

_END_HEAD_
:start
SetEne 1,4,9,2,0,40,10,
       0,5,
       0,5,3,
       0,0;
SetEne 2,3,15,2,0,24,10,
       0,5,
       2,5,4,
       0,0;
SetEne 3,4,25,2,0,32,10,
       0,5,
       1,5,4,
       0,0;
SetEne 4,2,34,2,0,40,10,
       0,5,
       0,5,3,
       0,0;
SetEne 5,5,41,4,0,32,10,
       0,5,
       1,5,4,
       0,0;
SetEne 6,2,49,2,0,24,10,
       0,5,
       2,5,4,
       0,0;
SetEne 7,6,53,4,0,32,10,
       0,5,
       1,6,3,
       0,0;

SetBox 8,2,59,2,1,10;
SetBox 9,5,57,2,0,11;

SetWoodObj 10,1,6,4,3,48,0,105,1,1,0;
SetWoodObj 11,4,11,2,3,48,0,105,1,1,0;
SetWoodObj 12,5,15,2,3,48,0,105,1,1,0;
SetWoodObj 13,2,21,2,3,48,0,105,1,1,0;
SetWoodObj 14,5,26,3,3,48,0,105,1,1,0;
SetWoodObj 15,3,29,2,3,48,0,105,1,1,0;
SetWoodObj 16,4,34,2,3,48,0,105,1,1,0;
SetWoodObj 17,1,39,4,3,48,0,105,1,1,0;
SetWoodObj 18,6,47,4,3,48,0,105,1,1,0;
SetWoodObj 19,2,50,2,3,48,0,105,1,1,0;
SetWoodObj 20,5,56,2,3,48,0,105,1,1,0;
End;
:walk
IfBox 0,3,1,4,1,0,Current+2 ;
ChangeMap 14,ObjSX[0]+8,10,2,1;
End;
