フィーレス地下迷宮：大回転部屋
16,9,18,63


LoadMap 0 0 :start ;
Walk    0 -1 :walk ;

_END_HEAD_
:start
SetEne 1,10,2,4,2,4,0,
       3,4,
       18,2,4,
       5,0;
SetEne 2,8,4,4,0,4,0,
       3,4,
       18,2,4,
       5,0;

SetEne 3,9,10,4,0,4,0,
       4,4,
       18,2,4,
       5,0;
SetEne 4,9,14,4,0,4,0,
       4,4,
       18,2,4,
       5,0;
SetEne 5,12,15,4,3,4,0,
       4,4,
       18,2,4,
       5,0;
SetEne 6,13,12,4,1,4,0,
       4,4,
       18,2,4,
       5,0;
SetEne 7,12,13,4,3,4,0,
       4,4,
       18,2,4,
       5,0;
SetEne 8,14,11,4,2,4,0,
       4,4,
       18,2,4,
       5,0;
SetEne 9,12,10,4,1,4,0,
       4,4,
       18,2,4,
       5,0;

SetEne 14,15,6,4,0,4,0,
       3,4,
       18,2,4,
       5,0;
SetEne 15,15,4,4,1,4,0,
       3,4,
       18,2,4,
       5,0;
SetEne 16,17,4,4,1,4,0,
       3,4,
       18,2,4,
       5,0;
SetEne 17,19,4,4,2,4,0,
       3,4,
       18,2,4,
       5,0;
SetEne 18,19,6,4,3,4,0,
       3,4,
       18,2,4,
       5,0;
SetEne 19,17,6,4,3,4,0,
       3,4,
       18,2,4,
       5,0;

SetBox 20,17,2,4,3,53;

SetPutObj 30,7,4,4,24,146,1;
SetPutObj 31,10,5,4,24,146,1;
SetPutObj 32,11,2,4,24,146,1;
SetPutObj 33,9,9,4,24,146,1;
SetPutObj 34,10,9,4,24,146,1;
SetPutObj 35,11,9,4,24,146,1;
SetPutObj 36,12,9,4,24,146,1;
SetPutObj 37,14,9,4,24,146,1;
SetPutObj 38,13,11,4,24,146,1;
SetPutObj 39,10,12,4,24,146,1;
SetPutObj 40,11,14,4,24,146,1;
SetPutObj 41,14,15,4,24,146,1;
SetPutObj 42,9,16,4,24,146,1;
SetPutObj 43,12,16,4,24,146,1;
SetPutObj 44,16,11,4,24,146,1;
SetPutObj 45,17,11,4,24,146,1;
SetPutObj 46,18,11,4,24,146,1;
End;

:walk
IfBox 0,5,17,5,18,0,Current+2 ;
ChangeMap 102,15,ObjSY[0]-13,2,0;
IfBox 0,3,9,3,9,0,Current+2 ;
ChangeMap 100,4,3,5,3;
End;