Ç©ÇÁÇ≠ÇËâÆï~ÅFç≈èIäKíi
0,7,32,62


LoadMap 0 0 :start ;
Walk    0 -1 :walk ;
_END_HEAD_
:start
SetSavePoint 30,5,13,2;
SetEne 5,5,7,12,3,24,0,
       10,3,
       32,2,4,
       4,0;
SetEne 6,7,7,12,3,24,0,
       10,3,
       32,2,4,
       4,0;
SetEne 7,6,10,12,1,24,0,
       10,3,
       32,2,4,
       4,0;
SetEne 8,8,10,12,1,24,0,
       10,3,
       32,2,4,
       4,0;
SetEne 10,2,3,12,3,24,0,
       11,3,
       32,2,4,
       4,0;
SetEne 11,4,3,12,3,24,0,
       11,3,
       32,2,4,
       4,0;
SetEne 12,9,3,12,3,24,0,
       11,3,
       32,2,4,
       4,0;
SetEne 13,11,3,12,3,24,0,
       11,3,
       32,2,4,
       4,0;
SetEne 14,10,19,2,3,24,0,
       11,3,
       32,2,4,
       4,0;
SetEne 15,3,19,2,3,24,0,
       11,3,
       32,2,4,
       4,0;
SetBox 20,5,12,12,1,120;
SetBox 21,8,12,12,1,121;
:walk
IfBox 0,6,1,7,1,0,Current+2 ;
ChangeMap 240,ObjSX[0]+5,18,2,1;
IfBox3D 0,6,11,2,7,11,2,0,Current+2 ;
ChangeMap 244,ObjSX[0]-2,8,2,1;
End;