盗賊のアジト：いっぱしの部屋
13,14


LoadMap 0 0 :start ;
Walk    0 -1 :walk ;

_END_HEAD_
:start
SetEne 1,5,8,2,1,32,5,
       0,5,
       13,20,6,
       2,0;
SetEne 2,8,8,2,1,32,5,
       0,5,
       13,20,6,
       2,0;
SetEne 3,12,8,2,1,32,5,
       0,5,
       13,20,6,
       2,0;
SetEne 4,15,8,2,1,32,5,
       0,5,
       13,20,6,
       2,0;
SetEne 6,4,3,2,1,32,5,
       0,5,
       13,20,6,
       2,0;
SetEne 7,16,3,2,1,32,5,
       0,5,
       13,20,6,
       2,0;

SetBox 20,10,3,2,3,225;
End;

:walk
IfBox 0,20,8,20,8,0,Current+2 ;
ChangeMap 396,2,4,2,2;
IfBox 0,1,8,1,8,0,Current+2 ;
ChangeMap 398,7,4,2,0;
End;
