’n‰º…“¹F—ŒŞÒ‚ÌLŠÔ
39,46,63,59,81


LoadMap 0 0 :start ;
Walk    0 -1 :walk ;

_END_HEAD_

:start

SetEne 1,21,15,20,Rand,48,50,
       0,15,
       92,2,4,
       20,0;
SetEne 2,5,15,20,Rand,48,50,
       0,15,
       92,2,4,
       20,0;
SetEne 4,37,17,3,Rand,48,10,
       0,5,
       59,2,4,
       20,0;
SetEne 5,21,10,3,Rand,48,10,
       0,5,
       81,2,4,
       20,0;
SetEne 7,23,19,4,Rand,48,10,
       0,5,
       81,2,4,
       20,0;
SetEne 8,11,8,3,Rand,48,10,
       0,5,
       59,2,4,
       20,0;

SetEne 10,36,7,5,0,48,0,
       0,0,
       72,2,1,
       20,0;

SetBox 20,21,2,5,3,153;
SetBox 21,38,7,5,0,154;
SetBox 22,27,22,5,2,159;

End;

:walk
IfBox 0,23,35,24,35,0,Current+2 ;
ChangeMap 292,ObjSX[0]-17,7,10,3;
End;
