Œ¶‹‚Ì–À‹{F—‚Æ‚µŒŠ
27,28,29,30,46

LoadMap 0 0 :start ;
Walk    0 -1 :walk ;


_END_HEAD_
:start
SetEne 1,2,2,14,1,32,0,
       3,0,
       46,0,8,
       22,0;
SetEne 2,8,2,14,2,32,0,
       3,0,
       46,0,8,
       22,0;
SetEne 3,8,8,14,3,32,0,
       3,0,
       46,0,8,
       22,0;
SetEne 4,2,8,14,0,32,0,
       3,0,
       46,0,8,
       22,0;

SetEne 5,2,2,2,0,32,0,
       4,0,
       46,0,8,
       22,0;
SetEne 6,8,2,2,1,32,0,
       4,0,
       46,0,8,
       22,0;
SetEne 7,8,8,2,2,32,0,
       4,0,
       46,0,8,
       22,0;
SetEne 8,2,8,2,3,32,0,
       4,0,
       46,0,8,
       22,0;

SetBox 10,5,5,14,3,295;
End;

:walk
IfBox 0,5,10,5,10,0,Current+2 ;
ChangeMap 513,3,2,2,3;
IfBox 0,10,5,10,5,0,Current+2 ;
ChangeMap 515,2,3,2,2;
IfBox 0,5,1,5,1,0,Current+2 ;
ChangeMap 518,4,9,2,1;

End;
